[UIComponent_gray_quad]
pos=88.0811,-91,-499
rot=0.5,0.5,0.5,0.5
scale=182.921,182.921,182.921
[UIComponent_clock]
pos=18.2885,-5.76873,-53.2246
rot=0,0,0,0
scale=1.80933,1.80933,1.80933
[UIComponent_damaged_helmet]
pos=92.3118,-107.852,-80.992
rot=1,0,0,0
scale=65.0426,65.0426,65.0426
